OSONE_362;Nissa, Animista Ascensa / Nissa, Ascended Animist;https://www.vilacelta.com.br/?view=ecom/itens&tcg=1&txt_edicao=480159,https://www.vilacelta.com.br/?view=ecom/item&tcg=1&card=67666;Phyrexia: Tudo sera um (Oil Slick Raised Foil);;;;;;
BMONE_339;Nissa, Animista Ascensa / Nissa, Ascended Animist;https://www.vilacelta.com.br/?view=ecom/itens&tcg=1&txt_edicao=480160,https://www.vilacelta.com.br/?view=ecom/item&tcg=1&card=67666;Phyrexia: Tudo sera um (Borderless Manga);;;;;;
SLONE_453;Nissa, Animista Ascensa / Nissa, Ascended Animist;https://www.vilacelta.com.br/?view=ecom/itens&tcg=1&txt_edicao=480168,https://www.vilacelta.com.br/?view=ecom/item&tcg=1&card=67666;Phyrexia: Tudo sera um (Step-and-Compleat Phyrexian Language);;;;;;
SMONE_454;Nissa, Animista Ascensa / Nissa, Ascended Animist;https://www.vilacelta.com.br/?view=ecom/itens&tcg=1&txt_edicao=480171,https://www.vilacelta.com.br/?view=ecom/item&tcg=1&card=67666;Phyrexia: Tudo sera um (Step-and-Compleat Borderless Manga);;;;;;
PHONE_327;Nissa, Animista Ascensa / Nissa, Ascended Animist;https://www.vilacelta.com.br/?view=ecom/itens&tcg=1&txt_edicao=480177,https://www.vilacelta.com.br/?view=ecom/item&tcg=1&card=67666;Phyrexia: Tudo sera um (Phyrexian Language);;;;;;
ASONE_74;Nissa, Animista Ascensa (Art Card com Assinatura) / Nissa, Ascended Animist (Art Card with Signature);https://www.vilacelta.com.br/?view=ecom/itens&tcg=1&txt_edicao=480172,https://www.vilacelta.com.br/?view=ecom/item&tcg=1&card=68030;Phyrexia: Tudo sera um (Art Series);;;;;;
ASONE_74;Nissa, Animista Ascensa (Art Card) / Nissa, Ascended Animist (Art Card);https://www.vilacelta.com.br/?view=ecom/itens&tcg=1&txt_edicao=480172,https://www.vilacelta.com.br/?view=ecom/item&tcg=1&card=68108;Phyrexia: Tudo sera um (Art Series);;;;;;
BFMAT_72;Nissa, Animista Ressurgida / Nissa, Resurgent Animist;https://www.vilacelta.com.br/?view=ecom/itens&tcg=1&txt_edicao=480222,https://www.vilacelta.com.br/?view=ecom/item&tcg=1&card=68899;Marcha das Maquinas: Consequencias (Booster Fun);;;;;;
EXMAT_162;Nissa, Animista Ressurgida / Nissa, Resurgent Animist;https://www.vilacelta.com.br/?view=ecom/itens&tcg=1&txt_edicao=480223,https://www.vilacelta.com.br/?view=ecom/item&tcg=1&card=68899;Marcha das Maquinas: Consequencias (Extended Art);;;;;;
FMAT_122;Nissa, Animista Ressurgida / Nissa, Resurgent Animist;https://www.vilacelta.com.br/?view=ecom/itens&tcg=1&txt_edicao=480224,https://www.vilacelta.com.br/?view=ecom/item&tcg=1&card=68899;Marcha das Maquinas: Consequencias (Foil Etched);;;;;;
MBP_103;Nissa, Despertadora do Mundo / Nissa, Worldwaker;https://www.vilacelta.com.br/?view=ecom/itens&tcg=1&txt_edicao=308,https://www.vilacelta.com.br/?view=ecom/item&tcg=1&card=29470;Media Inserts (EN);;;;;;
S18_5;Nissa, Força Vital / Nissa, Vital Force;https://www.vilacelta.com.br/?view=ecom/itens&tcg=1&txt_edicao=479740,https://www.vilacelta.com.br/?view=ecom/item&tcg=1&card=37435;SDCC 2018;;;;;;
S17_6;Nissa, Guardiã dos Elementos / Nissa, Steward of Elements;https://www.vilacelta.com.br/?view=ecom/itens&tcg=1&txt_edicao=479739,https://www.vilacelta.com.br/?view=ecom/item&tcg=1&card=40796;SDCC 2017;;;;;;
PTC_226;Nissa, Vidente de Matavasta / Nissa, Vastwood Seer;https://www.vilacelta.com.br/?view=ecom/itens&tcg=1&txt_edicao=286,https://www.vilacelta.com.br/?view=ecom/item&tcg=1&card=31739;Prerelease Events;;;;;;
MBP_161;Nissa, Vidente de Matavasta / Nissa, Vastwood Seer;https://www.vilacelta.com.br/?view=ecom/itens&tcg=1&txt_edicao=308,https://www.vilacelta.com.br/?view=ecom/item&tcg=1&card=31739;Media Inserts (EN);;;;;;
ORI_189;Nissa, Vidente de Matavasta / Nissa, Vastwood Seer;https://www.vilacelta.com.br/?view=ecom/itens&tcg=1&txt_edicao=44411,https://www.vilacelta.com.br/?view=ecom/item&tcg=1&card=31739;Magic Origens;;1;37,50;PT/EN   [Português / Inglês];MP   [Usada Moderadamente];
ORI_189;Nissa, Vidente de Matavasta / Nissa, Vastwood Seer;https://www.vilacelta.com.br/?view=ecom/itens&tcg=1&txt_edicao=44411,https://www.vilacelta.com.br/?view=ecom/item&tcg=1&card=31739;Magic Origens;;5;43,90;PT/EN   [Português / Inglês];NM   [Praticamente Nova];
V17_15;Nissa, Vidente de Matavasta / Nissa, Vastwood Seer;https://www.vilacelta.com.br/?view=ecom/itens&tcg=1&txt_edicao=396159,https://www.vilacelta.com.br/?view=ecom/item&tcg=1&card=31739;From the Vault: Transform;;4;50,94;ING     [Inglês];NM   [Praticamente Nova];Foil
S15_189;Nissa, Vidente de Matavasta / Nissa, Vastwood Seer;https://www.vilacelta.com.br/?view=ecom/itens&tcg=1&txt_edicao=479767,https://www.vilacelta.com.br/?view=ecom/item&tcg=1&card=31739;SDCC 2015;;;;;;
SLC169_31;Nissa, Vidente de Matavasta / Nissa, Vastwood Seer;https://www.vilacelta.com.br/?view=ecom/itens&tcg=1&txt_edicao=480245,https://www.vilacelta.com.br/?view=ecom/item&tcg=1&card=31739;Secret Lair Commander: From Cute to Brute;;;;;;
S16_5;Nissa, Voz de Zendikar / Nissa, Voice of Zendikar;https://www.vilacelta.com.br/?view=ecom/itens&tcg=1&txt_edicao=479738,https://www.vilacelta.com.br/?view=ecom/item&tcg=1&card=34922;SDCC 2016;;;;;;
MB1_1281;Nissa, Voz de Zendikar / Nissa, Voice of Zendikar;https://www.vilacelta.com.br/?view=ecom/itens&tcg=1&txt_edicao=479791,https://www.vilacelta.com.br/?view=ecom/item&tcg=1&card=34922;Mystery Booster;;3;14,90;PT/EN   [Português / Inglês];NM   [Praticamente Nova];
PLIST_381;Niv-Mizzet Renascido / Niv-Mizzet Reborn;https://www.vilacelta.com.br/?view=ecom/itens&tcg=1&txt_edicao=479828,https://www.vilacelta.com.br/?view=ecom/item&tcg=1&card=53353;The List;;;;;;
HMUL_183;Niv-Mizzet Renascido / Niv-Mizzet Reborn;https://www.vilacelta.com.br/?view=ecom/itens&tcg=1&txt_edicao=480203,https://www.vilacelta.com.br/?view=ecom/item&tcg=1&card=53353;Multiverse Legends (Halo Foil);;;;;;
SMUL_183;Niv-Mizzet Renascido / Niv-Mizzet Reborn;https://www.vilacelta.com.br/?view=ecom/itens&tcg=1&txt_edicao=480204,https://www.vilacelta.com.br/?view=ecom/item&tcg=1&card=53353;Multiverse Legends (Serialized);;;;;;
FMUL_118;Niv-Mizzet Renascido / Niv-Mizzet Reborn;https://www.vilacelta.com.br/?view=ecom/itens&tcg=1&txt_edicao=480211,https://www.vilacelta.com.br/?view=ecom/item&tcg=1&card=53353;Multiverse Legends (Foil Etched);;;;;;
RFRVR_459;Niv-Mizzet Renascido / Niv-Mizzet Reborn;https://www.vilacelta.com.br/?view=ecom/itens&tcg=1&txt_edicao=480407,https://www.vilacelta.com.br/?view=ecom/item&tcg=1&card=53353;Ravnica Remasterizada (Moldura Retro);;;;;;
GP_123;Niv-Mizzet, o Mente de Fogo / Niv-Mizzet, the Firemind;https://www.vilacelta.com.br/?view=ecom/itens&tcg=1&txt_edicao=196,https://www.vilacelta.com.br/?view=ecom/item&tcg=1&card=4865;Pacto das Guildas;;;4,90;PT/EN   [Português / Inglês];MP   [Usada Moderadamente];
FVD_11;Niv-Mizzet, o Mente de Fogo / Niv-Mizzet, the Firemind;https://www.vilacelta.com.br/?view=ecom/itens&tcg=1&txt_edicao=260,https://www.vilacelta.com.br/?view=ecom/item&tcg=1&card=4865;From the Vault: Dragons;;;21,99;PT/EN   [Português / Inglês];NM   [Praticamente Nova];Foil
CP_2;Niv-Mizzet, o Mente de Fogo / Niv-Mizzet, the Firemind;https://www.vilacelta.com.br/?view=ecom/itens&tcg=1&txt_edicao=292,https://www.vilacelta.com.br/?view=ecom/item&tcg=1&card=4865;Champs;;;;;;
GK1I_26;Niv-Mizzet, o Mente de Fogo / Niv-Mizzet, the Firemind;https://www.vilacelta.com.br/?view=ecom/itens&tcg=1&txt_edicao=479744,https://www.vilacelta.com.br/?view=ecom/item&tcg=1&card=4865;Kit de Guilda: Izzet;;;;;;
PR30_14;Niv-Mizzet, o Mente de Fogo / Niv-Mizzet, the Firemind;https://www.vilacelta.com.br/?view=ecom/itens&tcg=1&txt_edicao=480016,https://www.vilacelta.com.br/?view=ecom/item&tcg=1&card=4865;30th Anniversary Promos;;;;;;
PRVR_467;Niv-Mizzet, o Mente de Fogo / Niv-Mizzet, the Firemind;https://www.vilacelta.com.br/?view=ecom/itens&tcg=1&txt_edicao=480405,https://www.vilacelta.com.br/?view=ecom/item&tcg=1&card=4865;Ravnica Remasterizada (Promo);;;;;;
MKM_220;;https://www.vilacelta.com.br/?view=ecom/admin/stats/bestsellers&tcg=1&search_extras=0&page=5&position=494&search_period=1&search_date=12/03/2024#494,https://www.vilacelta.com.br/?view=ecom/itens&tcg=1&txt_edicao=480392,https://www.vilacelta.com.br/?view=ecom/item&tcg=1&card=72785;Assassinato na Mansao Karlov;;7;4,95;PT/EN   [Português / Inglês];NM   [Praticamente Nova];
DSMKM_368;Niv-Mizzet, Pacto das Guildas / Niv-Mizzet, Guildpact;https://www.vilacelta.com.br/?view=ecom/itens&tcg=1&txt_edicao=480394,https://www.vilacelta.com.br/?view=ecom/item&tcg=1&card=72785;Assassinato na Mansao Karlov (Dossier);;;;;;
RCMKM_319;Niv-Mizzet, Pacto das Guildas / Niv-Mizzet, Guildpact;https://www.vilacelta.com.br/?view=ecom/itens&tcg=1&txt_edicao=480395,https://www.vilacelta.com.br/?view=ecom/item&tcg=1&card=72785;Assassinato na Mansao Karlov (Ravnica City);;1;21,75;PT/EN   [Português / Inglês];NM   [Praticamente Nova];
SMKM_319;Niv-Mizzet, Pacto das Guildas / Niv-Mizzet, Guildpact;https://www.vilacelta.com.br/?view=ecom/itens&tcg=1&txt_edicao=480397,https://www.vilacelta.com.br/?view=ecom/item&tcg=1&card=72785;Assassinato na Mansao Karlov (Serialized);;;;;;
ASMKM_44;Niv-Mizzet, Pacto das Guildas (#368)(Art Card com Assinatura) / Niv-Mizzet, Guildpact (#368)(Art Card with Signature);https://www.vilacelta.com.br/?view=ecom/itens&tcg=1&txt_edicao=480429,https://www.vilacelta.com.br/?view=ecom/item&tcg=1&card=72873;Assassinato na Mansao Karlov (Art Series);;;;;;
ASMKM_44;Niv-Mizzet, Pacto das Guildas (#368)(Art Card) / Niv-Mizzet, Guildpact (#368)(Art Card);https://www.vilacelta.com.br/?view=ecom/itens&tcg=1&txt_edicao=480429,https://www.vilacelta.com.br/?view=ecom/item&tcg=1&card=72922;Assassinato na Mansao Karlov (Art Series);;4;1,00;PT/EN   [Português / Inglês];NM   [Praticamente Nova];
ASMKM_21;Niv-Mizzet, Pacto das Guildas (Art Card com Assinatura) / Niv-Mizzet, Guildpact (Art Card with Signature);https://www.vilacelta.com.br/?view=ecom/itens&tcg=1&txt_edicao=480429,https://www.vilacelta.com.br/?view=ecom/item&tcg=1&card=72850;Assassinato na Mansao Karlov (Art Series);;1;4,00;PT/EN   [Português / Inglês];NM   [Praticamente Nova];
ASMKM_21;Niv-Mizzet, Pacto das Guildas (Art Card) / Niv-Mizzet, Guildpact (Art Card);https://www.vilacelta.com.br/?view=ecom/itens&tcg=1&txt_edicao=480429,https://www.vilacelta.com.br/?view=ecom/item&tcg=1&card=72899;Assassinato na Mansao Karlov (Art Series);;1;1,00;PT/EN   [Português / Inglês];NM   [Praticamente Nova];
SLC79_14;Niv-Mizzet, Parun;https://www.vilacelta.com.br/?view=ecom/itens&tcg=1&txt_edicao=480142,https://www.vilacelta.com.br/?view=ecom/item&tcg=1&card=51791;Secret Lair Commander: Heads I Win, Tails You Lose;;;;;;
BARVR_438;Niv-Mizzet, Parun;https://www.vilacelta.com.br/?view=ecom/itens&tcg=1&txt_edicao=480404,https://www.vilacelta.com.br/?view=ecom/item&tcg=1&card=51791;Ravnica Remasterizada (Borderless Anime);;;;;;
RFRVR_376;Niv-Mizzet, Parun;https://www.vilacelta.com.br/?view=ecom/itens&tcg=1&txt_edicao=480407,https://www.vilacelta.com.br/?view=ecom/item&tcg=1&card=51791;Ravnica Remasterizada (Moldura Retro);;;;;;
SRVR_376;Niv-Mizzet, Parun;https://www.vilacelta.com.br/?view=ecom/itens&tcg=1&txt_edicao=480408,https://www.vilacelta.com.br/?view=ecom/item&tcg=1&card=51791;Ravnica Remasterizada (Serialized);;;;;;
BFMAT_90;Niv-Mizzet, Supremo / Niv-Mizzet, Supreme;https://www.vilacelta.com.br/?view=ecom/itens&tcg=1&txt_edicao=480222,https://www.vilacelta.com.br/?view=ecom/item&tcg=1&card=68900;Marcha das Maquinas: Consequencias (Booster Fun);;;;;;
EXMAT_175;Niv-Mizzet, Supremo / Niv-Mizzet, Supreme;https://www.vilacelta.com.br/?view=ecom/itens&tcg=1&txt_edicao=480223,https://www.vilacelta.com.br/?view=ecom/item&tcg=1&card=68900;Marcha das Maquinas: Consequencias (Extended Art);;;;;;
FMAT_140;Niv-Mizzet, Supremo / Niv-Mizzet, Supreme;https://www.vilacelta.com.br/?view=ecom/itens&tcg=1&txt_edicao=480224,https://www.vilacelta.com.br/?view=ecom/item&tcg=1&card=68900;Marcha das Maquinas: Consequencias (Foil Etched);;;;;;
HMAT_219;Niv-Mizzet, Supremo / Niv-Mizzet, Supreme;https://www.vilacelta.com.br/?view=ecom/itens&tcg=1&txt_edicao=480225,https://www.vilacelta.com.br/?view=ecom/item&tcg=1&card=68900;Marcha das Maquinas: Consequencias (Halo Foil);;;;;;
MI_195;Nivelador / Leveler;https://www.vilacelta.com.br/?view=ecom/itens&tcg=1&txt_edicao=202,https://www.vilacelta.com.br/?view=ecom/item&tcg=1&card=6433;Mirrodin;;;;;;
MB1_2069;Nivelador / Leveler;https://www.vilacelta.com.br/?view=ecom/itens&tcg=1&txt_edicao=479791,https://www.vilacelta.com.br/?view=ecom/item&tcg=1&card=6433;Mystery Booster;;;;;;
EXBRO_363;Nivelador de Panorama Urbano / Cityscape Leveler;https://www.vilacelta.com.br/?view=ecom/itens&tcg=1&txt_edicao=480043,https://www.vilacelta.com.br/?view=ecom/item&tcg=1&card=67056;A Guerra dos Irmaos (Extended Art);;;;;;
GP_160;Nivix, Ninho do Mente de Fogo / Nivix, Aerie of the Firemind;https://www.vilacelta.com.br/?view=ecom/itens&tcg=1&txt_edicao=196,https://www.vilacelta.com.br/?view=ecom/item&tcg=1&card=4902;Pacto das Guildas;;;;;;
PLIST_1272;Nivix, Ninho do Mente de Fogo / Nivix, Aerie of the Firemind;https://www.vilacelta.com.br/?view=ecom/itens&tcg=1&txt_edicao=479828,https://www.vilacelta.com.br/?view=ecom/item&tcg=1&card=4902;The List;;;;;;
IA_357;Nivoso / Whiteout;https://www.vilacelta.com.br/?view=ecom/itens&tcg=1&txt_edicao=313,https://www.vilacelta.com.br/?view=ecom/item&tcg=1&card=4332;Era Glacial;;;;;;
CFX_49;Nixatide / Nyxathid;https://www.vilacelta.com.br/?view=ecom/itens&tcg=1&txt_edicao=183,https://www.vilacelta.com.br/?view=ecom/item&tcg=1&card=1720;Confluencia;;1;3,20;PT/EN   [Português / Inglês];NM   [Praticamente Nova];
ANB_040;Nó D'água / Waterknot;https://www.vilacelta.com.br/?view=ecom/itens&tcg=1&txt_edicao=479831,https://www.vilacelta.com.br/?view=ecom/item&tcg=1&card=47019;Arena Beginner Set;;;;;;
EXMOM_364;No Meio do Fogo / Into the Fire;https://www.vilacelta.com.br/?view=ecom/itens&tcg=1&txt_edicao=480207,https://www.vilacelta.com.br/?view=ecom/item&tcg=1&card=68233;Marcha das Maquinas (Extended Art);;;;;;
E01_O013;No One Will Hear Your Cries;https://www.vilacelta.com.br/?view=ecom/itens&tcg=1&txt_edicao=176755,https://www.vilacelta.com.br/?view=ecom/item&tcg=1&card=41936;Archenemy: Nicol Bolas;;;;;;
MLP_28;No Rastro de Garruk / In Garruk's Wake;https://www.vilacelta.com.br/?view=ecom/itens&tcg=1&txt_edicao=288,https://www.vilacelta.com.br/?view=ecom/item&tcg=1&card=29054;Magic: The Gathering Launch Parties;;;;;;
WL_109;Nobre Benfeitor / Noble Benefactor;https://www.vilacelta.com.br/?view=ecom/itens&tcg=1&txt_edicao=220,https://www.vilacelta.com.br/?view=ecom/item&tcg=1&card=10548;Alisios;;;;;;
PLIST_69;Nobre Benfeitor / Noble Benefactor;https://www.vilacelta.com.br/?view=ecom/itens&tcg=1&txt_edicao=479828,https://www.vilacelta.com.br/?view=ecom/item&tcg=1&card=10548;The List;;;;;;
HL_86;Nobre das Fadas / Faerie Noble;https://www.vilacelta.com.br/?view=ecom/itens&tcg=1&txt_edicao=223,https://www.vilacelta.com.br/?view=ecom/item&tcg=1&card=11245;Terras Natais;;;;;;
MM_32;Nobre Propósito / Noble Purpose;https://www.vilacelta.com.br/?view=ecom/itens&tcg=1&txt_edicao=213,https://www.vilacelta.com.br/?view=ecom/item&tcg=1&card=8914;Mascaras de Mercadia;;;;;;
8E_31;Nobre Propósito / Noble Purpose;https://www.vilacelta.com.br/?view=ecom/itens&tcg=1&txt_edicao=234,https://www.vilacelta.com.br/?view=ecom/item&tcg=1&card=8914;Oitava Edicao - Kit Basico;;;;;;
TS_81;Nobre Sílfide / Sprite Noble;https://www.vilacelta.com.br/?view=ecom/itens&tcg=1&txt_edicao=191,https://www.vilacelta.com.br/?view=ecom/item&tcg=1&card=3426;Espiral Temporal;;;;;;
GFUNF_368;Nocturno of Myra's Marvels;https://www.vilacelta.com.br/?view=ecom/itens&tcg=1&txt_edicao=480093,https://www.vilacelta.com.br/?view=ecom/item&tcg=1&card=66363;Unfinity (Galaxy Foil);;;;;;
GSUNF_499;Nocturno of Myra's Marvels;https://www.vilacelta.com.br/?view=ecom/itens&tcg=1&txt_edicao=480095,https://www.vilacelta.com.br/?view=ecom/item&tcg=1&card=66363;Unfinity (Galaxy Foil Showcase);;;;;;
SCUNF_248;Nocturno of Myra's Marvels;https://www.vilacelta.com.br/?view=ecom/itens&tcg=1&txt_edicao=480096,https://www.vilacelta.com.br/?view=ecom/item&tcg=1&card=66363;Unfinity (Showcase);;1;8,50;PT/EN   [Português / Inglês];NM   [Praticamente Nova];
GP_43;Nocturnus Abissal / Abyssal Nocturnus;https://www.vilacelta.com.br/?view=ecom/itens&tcg=1&txt_edicao=196,https://www.vilacelta.com.br/?view=ecom/item&tcg=1&card=4785;Pacto das Guildas;;;;;;
BFMAT_53;Nodocórneo de Arnês / Harnessed Snubhorn;https://www.vilacelta.com.br/?view=ecom/itens&tcg=1&txt_edicao=480222,https://www.vilacelta.com.br/?view=ecom/item&tcg=1&card=68886;Marcha das Maquinas: Consequencias (Booster Fun);;;;;;
FMAT_103;Nodocórneo de Arnês / Harnessed Snubhorn;https://www.vilacelta.com.br/?view=ecom/itens&tcg=1&txt_edicao=480224,https://www.vilacelta.com.br/?view=ecom/item&tcg=1&card=68886;Marcha das Maquinas: Consequencias (Foil Etched);;;;;;
HMAT_188;Nodocórneo de Arnês / Harnessed Snubhorn;https://www.vilacelta.com.br/?view=ecom/itens&tcg=1&txt_edicao=480225,https://www.vilacelta.com.br/?view=ecom/item&tcg=1&card=68886;Marcha das Maquinas: Consequencias (Halo Foil);;;;;;
GP_88;Nodorog Gruul / Gruul Nodorog;https://www.vilacelta.com.br/?view=ecom/itens&tcg=1&txt_edicao=196,https://www.vilacelta.com.br/?view=ecom/item&tcg=1&card=4830;Pacto das Guildas;;;;;;
HACHETTE_654;Nodorog Gruul / Gruul Nodorog;https://www.vilacelta.com.br/?view=ecom/itens&tcg=1&txt_edicao=340,https://www.vilacelta.com.br/?view=ecom/item&tcg=1&card=4830;Hachette Encyclopedia Inserts;;;;;;
PC_28;Nodos de Pórfiro / Porphyry Nodes;https://www.vilacelta.com.br/?view=ecom/itens&tcg=1&txt_edicao=190,https://www.vilacelta.com.br/?view=ecom/item&tcg=1&card=3205;Caos Planar;;3;3,95;PT/EN   [Português / Inglês];SP   [Usada Levemente];
PC_28;Nodos de Pórfiro / Porphyry Nodes;https://www.vilacelta.com.br/?view=ecom/itens&tcg=1&txt_edicao=190,https://www.vilacelta.com.br/?view=ecom/item&tcg=1&card=3205;Caos Planar;;1;29,90;PT/EN   [Português / Inglês];SP   [Usada Levemente];Foil
VMIC_57;Noitada dos Carniçais / Ghouls' Night Out;https://www.vilacelta.com.br/?view=ecom/itens&tcg=1&txt_edicao=479873,https://www.vilacelta.com.br/?view=ecom/item&tcg=1&card=61546;Innistrad: Cacada a Meia-noite (Commander Variantes);;;;;;
AP_131;Noite // Dia / Night // Day;https://www.vilacelta.com.br/?view=ecom/itens&tcg=1&txt_edicao=209,https://www.vilacelta.com.br/?view=ecom/item&tcg=1&card=54042;Apocalipse;;;;;;
PLIST_549;Noite // Dia / Night // Day;https://www.vilacelta.com.br/?view=ecom/itens&tcg=1&txt_edicao=479828,https://www.vilacelta.com.br/?view=ecom/item&tcg=1&card=54042;The List;;;;;;
WOE_178;;https://www.vilacelta.com.br/?view=ecom/admin/stats/bestsellers&tcg=1&search_extras=0&page=6&position=540&search_period=1&search_date=12/03/2024#540,https://www.vilacelta.com.br/?view=ecom/itens&tcg=1&txt_edicao=480293,https://www.vilacelta.com.br/?view=ecom/item&tcg=1&card=70351;Terras Selvagens de Eldraine;;;;;;
AI_191;Noite de Inverno / Winter's Night;https://www.vilacelta.com.br/?view=ecom/itens&tcg=1&txt_edicao=194,https://www.vilacelta.com.br/?view=ecom/item&tcg=1&card=4122;Aliancas;;;;;;
JU_15;Nômade Criador de Mitos / Nomad Mythmaker;https://www.vilacelta.com.br/?view=ecom/itens&tcg=1&txt_edicao=206,https://www.vilacelta.com.br/?view=ecom/item&tcg=1&card=7197;Julgamento;;;17,90;PT/EN   [Português / Inglês];MP   [Usada Moderadamente];
PLIST_1273;Nômade Criador de Mitos / Nomad Mythmaker;https://www.vilacelta.com.br/?view=ecom/itens&tcg=1&txt_edicao=479828,https://www.vilacelta.com.br/?view=ecom/item&tcg=1&card=7197;The List;;;;;;
JU_17;Nômade Fantasma / Phantom Nomad;https://www.vilacelta.com.br/?view=ecom/itens&tcg=1&txt_edicao=206,https://www.vilacelta.com.br/?view=ecom/item&tcg=1&card=7199;Julgamento;;;;;;
HACHETTE_137;Nômade Fantasma / Phantom Nomad;https://www.vilacelta.com.br/?view=ecom/itens&tcg=1&txt_edicao=340,https://www.vilacelta.com.br/?view=ecom/item&tcg=1&card=7199;Hachette Encyclopedia Inserts;;;;;;
SALVAT_137;Nômade Fantasma / Phantom Nomad;https://www.vilacelta.com.br/?view=ecom/itens&tcg=1&txt_edicao=352,https://www.vilacelta.com.br/?view=ecom/item&tcg=1&card=7199;Hachette Encyclopedia Inserts;;;;;;
PLIST_130;Nômade Fomori / Fomori Nomad;https://www.vilacelta.com.br/?view=ecom/itens&tcg=1&txt_edicao=479828,https://www.vilacelta.com.br/?view=ecom/item&tcg=1&card=3111;The List;;2;0,40;PT/EN   [Português / Inglês];NM   [Praticamente Nova];
TR_13;Nômade Possuído / Possessed Nomad;https://www.vilacelta.com.br/?view=ecom/itens&tcg=1&txt_edicao=207,https://www.vilacelta.com.br/?view=ecom/item&tcg=1&card=7338;Tormento;;;;;;
SH_77;Nômades en-Kor / Nomads en-Kor;https://www.vilacelta.com.br/?view=ecom/itens&tcg=1&txt_edicao=218,https://www.vilacelta.com.br/?view=ecom/item&tcg=1&card=10120;Fortaleza;;;;;;
WCD_19980301;Nômades en-Kor / Nomads en-Kor;https://www.vilacelta.com.br/?view=ecom/itens&tcg=1&txt_edicao=440839,https://www.vilacelta.com.br/?view=ecom/item&tcg=1&card=10120;World Championship Decks;;;;;;
WCD_20040705;Nômades en-Kor (BH-98) / Nomads en-Kor (BH-98);https://www.vilacelta.com.br/?view=ecom/itens&tcg=1&txt_edicao=440839,https://www.vilacelta.com.br/?view=ecom/item&tcg=1&card=56119;World Championship Decks;;;;;;
GFUNF_401;Non-Human Cannonball;https://www.vilacelta.com.br/?view=ecom/itens&tcg=1&txt_edicao=480093,https://www.vilacelta.com.br/?view=ecom/item&tcg=1&card=66508;Unfinity (Galaxy Foil);;;;;;
VNEO_311;Norika Yamazaki, a Poetisa / Norika Yamazaki, the Poet;https://www.vilacelta.com.br/?view=ecom/itens&tcg=1&txt_edicao=479889,https://www.vilacelta.com.br/?view=ecom/item&tcg=1&card=62730;Kamigawa: Dinastia Neon (Variantes);;;1,47;PT/EN   [Português / Inglês];NM   [Praticamente Nova];
VNEO_311;Norika Yamazaki, a Poetisa / Norika Yamazaki, the Poet;https://www.vilacelta.com.br/?view=ecom/itens&tcg=1&txt_edicao=479889,https://www.vilacelta.com.br/?view=ecom/item&tcg=1&card=62730;Kamigawa: Dinastia Neon (Variantes);;;1,47;JP      [Japonês];NM   [Praticamente Nova];
TS_171;Norin, o Cauteloso / Norin the Wary;https://www.vilacelta.com.br/?view=ecom/itens&tcg=1&txt_edicao=191,https://www.vilacelta.com.br/?view=ecom/item&tcg=1&card=3516;Espiral Temporal;;1;9,50;PT/EN   [Português / Inglês];MP   [Usada Moderadamente];
MB1_2019;Norin, o Cauteloso / Norin the Wary;https://www.vilacelta.com.br/?view=ecom/itens&tcg=1&txt_edicao=479791,https://www.vilacelta.com.br/?view=ecom/item&tcg=1&card=3516;Mystery Booster;;2;9,90;PT/EN   [Português / Inglês];NM   [Praticamente Nova];Foil
YBRO_16;Norn's Disassembly;https://www.vilacelta.com.br/?view=ecom/itens&tcg=1&txt_edicao=480145,https://www.vilacelta.com.br/?view=ecom/item&tcg=1&card=67511;Alquimia: A Guerra dos Irmaos;;;;;;
PC2_183;Norn's Dominion;https://www.vilacelta.com.br/?view=ecom/itens&tcg=1&txt_edicao=321,https://www.vilacelta.com.br/?view=ecom/item&tcg=1&card=40060;Planechase 2012 Edition;;;;;;
PCA_O057;Norn's Dominion;https://www.vilacelta.com.br/?view=ecom/itens&tcg=1&txt_edicao=120197,https://www.vilacelta.com.br/?view=ecom/item&tcg=1&card=40060;Planechase Anthology;;;;;;
YONE_004;Norn's Fetchling;https://www.vilacelta.com.br/?view=ecom/itens&tcg=1&txt_edicao=480391,https://www.vilacelta.com.br/?view=ecom/item&tcg=1&card=72148;Alquimia: Phyrexia;;;;;;
IA_240;Norritt;https://www.vilacelta.com.br/?view=ecom/itens&tcg=1&txt_edicao=313,https://www.vilacelta.com.br/?view=ecom/item&tcg=1&card=4179;Era Glacial;;;0,50;PT/EN   [Português / Inglês];MP   [Usada Moderadamente];
LWHO_593;North Pole Research Base;https://www.vilacelta.com.br/?view=ecom/itens&tcg=1&txt_edicao=480278,https://www.vilacelta.com.br/?view=ecom/item&tcg=1&card=71061;Doctor Who (Planes);;;;;;
LG_184;North Star;https://www.vilacelta.com.br/?view=ecom/itens&tcg=1&txt_edicao=226,https://www.vilacelta.com.br/?view=ecom/item&tcg=1&card=11867;Legends;;;;;;
ST_137;Norwood Archers;https://www.vilacelta.com.br/?view=ecom/itens&tcg=1&txt_edicao=275,https://www.vilacelta.com.br/?view=ecom/item&tcg=1&card=20452;Starter 1999;;;;;;
PO2_76;Norwood Archers;https://www.vilacelta.com.br/?view=ecom/itens&tcg=1&txt_edicao=277,https://www.vilacelta.com.br/?view=ecom/item&tcg=1&card=20452;Portal Segunda Era;;;;;;
PO2_77;Norwood Priestess;https://www.vilacelta.com.br/?view=ecom/itens&tcg=1&txt_edicao=277,https://www.vilacelta.com.br/?view=ecom/item&tcg=1&card=20745;Portal Segunda Era;;;;;;
PO2_79;Norwood Riders;https://www.vilacelta.com.br/?view=ecom/itens&tcg=1&txt_edicao=277,https://www.vilacelta.com.br/?view=ecom/item&tcg=1&card=20747;Portal Segunda Era;;;;;;
PO2_80;Norwood Warrior;https://www.vilacelta.com.br/?view=ecom/itens&tcg=1&txt_edicao=277,https://www.vilacelta.com.br/?view=ecom/item&tcg=1&card=20748;Portal Segunda Era;;;;;;
SSLTR_505;Nós de Hithlain / Hithlain Knots;https://www.vilacelta.com.br/?view=ecom/itens&tcg=1&txt_edicao=480316,https://www.vilacelta.com.br/?view=ecom/item&tcg=1&card=69289;O Senhor dos Aneis: Contos da Terra Media (Showcase Scrolls);;;;;;
TS_128;Nosferatu de Sengir / Sengir Nosferatu;https://www.vilacelta.com.br/?view=ecom/itens&tcg=1&txt_edicao=191,https://www.vilacelta.com.br/?view=ecom/item&tcg=1&card=3473;Espiral Temporal;;;;;;
MM_289;Nota de Crédito / Credit Voucher;https://www.vilacelta.com.br/?view=ecom/itens&tcg=1&txt_edicao=213,https://www.vilacelta.com.br/?view=ecom/item&tcg=1&card=9171;Mascaras de Mercadia;;;;;;
JU_46;Nota Mental / Mental Note;https://www.vilacelta.com.br/?view=ecom/itens&tcg=1&txt_edicao=206,https://www.vilacelta.com.br/?view=ecom/item&tcg=1&card=7228;Julgamento;;;49,90;PT/EN   [Português / Inglês];SP   [Usada Levemente];
WCD_20020407;Nota Mental / Mental Note;https://www.vilacelta.com.br/?view=ecom/itens&tcg=1&txt_edicao=440839,https://www.vilacelta.com.br/?view=ecom/item&tcg=1&card=7228;World Championship Decks;;;;;;
WCD_20041121;Nota Mental (RL-02) / Mental Note (RL-02);https://www.vilacelta.com.br/?view=ecom/itens&tcg=1&txt_edicao=440839,https://www.vilacelta.com.br/?view=ecom/item&tcg=1&card=58453;World Championship Decks;;;;;;
ARC_184;Nothing Can Stop Me Now;https://www.vilacelta.com.br/?view=ecom/itens&tcg=1&txt_edicao=252,https://www.vilacelta.com.br/?view=ecom/item&tcg=1&card=40238;Archenemy;;;;;;
ASCLB_25;Nótico (Art Card com Assinatura) / Nothic (Art Card with Signature);https://www.vilacelta.com.br/?view=ecom/itens&tcg=1&txt_edicao=479912,https://www.vilacelta.com.br/?view=ecom/item&tcg=1&card=64535;Commander Legends: Batalha por Portal de Baldur (Art Series);;;;;;
ASCLB_25;Nótico (Art Card) / Nothic (Art Card);https://www.vilacelta.com.br/?view=ecom/itens&tcg=1&txt_edicao=479912,https://www.vilacelta.com.br/?view=ecom/item&tcg=1&card=64454;Commander Legends: Batalha por Portal de Baldur (Art Series);;;;;;
TUNF_41;Notorious Sliver War;https://www.vilacelta.com.br/?view=ecom/itens&tcg=1&txt_edicao=480097,https://www.vilacelta.com.br/?view=ecom/item&tcg=1&card=66604;Unfinity (Tokens);;3;1,50;PT/EN   [Português / Inglês];NM   [Praticamente Nova];
MB1_1681;Nova Benália / New Benalia;https://www.vilacelta.com.br/?view=ecom/itens&tcg=1&txt_edicao=479791,https://www.vilacelta.com.br/?view=ecom/item&tcg=1&card=3169;Mystery Booster;;3;0,55;PT/EN   [Português / Inglês];NM   [Praticamente Nova];
MI_25;Nova da Alma / Soul Nova;https://www.vilacelta.com.br/?view=ecom/itens&tcg=1&txt_edicao=202,https://www.vilacelta.com.br/?view=ecom/item&tcg=1&card=6263;Mirrodin;;;;;;
LG_185;Nova Pentacle;https://www.vilacelta.com.br/?view=ecom/itens&tcg=1&txt_edicao=226,https://www.vilacelta.com.br/?view=ecom/item&tcg=1&card=11868;Legends;;;;;;
SLD162_1251;Nova Purificadora / Cleansing Nova;https://www.vilacelta.com.br/?view=ecom/itens&tcg=1&txt_edicao=480215,https://www.vilacelta.com.br/?view=ecom/item&tcg=1&card=50647;Secret Lair Drop Series: Artist Series: Rebecca Guay;;;;;;
SLC177_11;Nova Purificadora / Cleansing Nova;https://www.vilacelta.com.br/?view=ecom/itens&tcg=1&txt_edicao=480370,https://www.vilacelta.com.br/?view=ecom/item&tcg=1&card=50647;Secret Lair Commander: Angels: They're Just Like Us but Cooler and with Wings;;;;;;
SLD162_730;Nova Purificadora (#730) / Cleansing Nova (#730);https://www.vilacelta.com.br/?view=ecom/itens&tcg=1&txt_edicao=480215,https://www.vilacelta.com.br/?view=ecom/item&tcg=1&card=69527;Secret Lair Drop Series: Artist Series: Rebecca Guay;;;;;;
OD_257;Novas Fronteiras / New Frontiers;https://www.vilacelta.com.br/?view=ecom/itens&tcg=1&txt_edicao=208,https://www.vilacelta.com.br/?view=ecom/item&tcg=1&card=7725;Odisseia;;;;;;
MKM_176;;https://www.vilacelta.com.br/?view=ecom/admin/stats/bestsellers&tcg=1&search_extras=0&page=8&position=787&search_period=1&search_date=12/03/2024#787,https://www.vilacelta.com.br/?view=ecom/itens&tcg=1&txt_edicao=480392,https://www.vilacelta.com.br/?view=ecom/item&tcg=1&card=72500;Assassinato na Mansao Karlov;;2;7,95;PT/EN   [Português / Inglês];NM   [Praticamente Nova];
DSMKM_353;Novata de Olho Vivo / Sharp-Eyed Rookie;https://www.vilacelta.com.br/?view=ecom/itens&tcg=1&txt_edicao=480394,https://www.vilacelta.com.br/?view=ecom/item&tcg=1&card=72500;Assassinato na Mansao Karlov (Dossier);;1;14,90;PT/EN   [Português / Inglês];NM   [Praticamente Nova];
GASNC_296;Novato Descarado / Brazen Upstart;https://www.vilacelta.com.br/?view=ecom/itens&tcg=1&txt_edicao=479909,https://www.vilacelta.com.br/?view=ecom/item&tcg=1&card=63501;Ruas de Nova Capenna (Golden Age);;8;1,16;PT/EN   [Português / Inglês];NM   [Praticamente Nova];
FESNC_361;Novato Descarado / Brazen Upstart;https://www.vilacelta.com.br/?view=ecom/itens&tcg=1&txt_edicao=479910,https://www.vilacelta.com.br/?view=ecom/item&tcg=1&card=63501;Ruas de Nova Capenna (Foil Etched / Gilded Foil);;;;;;
M21_28;;https://www.vilacelta.com.br/?view=ecom/admin/stats/bestsellers&tcg=1&search_extras=0&page=1&position=41&search_period=1&search_date=12/03/2024#41,https://www.vilacelta.com.br/?view=ecom/itens&tcg=1&txt_edicao=479807,https://www.vilacelta.com.br/?view=ecom/item&tcg=1&card=56862;Core Set 2021;;;2,82;PT/EN   [Português / Inglês];NM   [Praticamente Nova];
M21_28;;https://www.vilacelta.com.br/?view=ecom/admin/stats/bestsellers&tcg=1&search_extras=3&page=2&position=111&search_period=1&search_date=12/03/2024#111,https://www.vilacelta.com.br/?view=ecom/itens&tcg=1&txt_edicao=479807,https://www.vilacelta.com.br/?view=ecom/item&tcg=1&card=56862;Core Set 2021;;;2,82;PT/EN   [Português / Inglês];NM   [Praticamente Nova];Promo
M21CB_344;Nove Vidas / Nine Lives;https://www.vilacelta.com.br/?view=ecom/itens&tcg=1&txt_edicao=479809,https://www.vilacelta.com.br/?view=ecom/item&tcg=1&card=56862;Core Set 2021 (Variantes);;;;;;
SLD207_793;Nove Vidas / Nine Lives;https://www.vilacelta.com.br/?view=ecom/itens&tcg=1&txt_edicao=480426,https://www.vilacelta.com.br/?view=ecom/item&tcg=1&card=56862;Secret Lair Drop Series: Raining Cats and Dogs;;;;;;
MKM_121;;https://www.vilacelta.com.br/?view=ecom/admin/stats/bestsellers&tcg=1&search_extras=0&page=3&position=277&search_period=1&search_date=12/03/2024#277,https://www.vilacelta.com.br/?view=ecom/itens&tcg=1&txt_edicao=480392,https://www.vilacelta.com.br/?view=ecom/item&tcg=1&card=72444;Assassinato na Mansao Karlov;;11;15,90;PT/EN   [Português / Inglês];NM   [Praticamente Nova];
UST_41;Novellamental;https://www.vilacelta.com.br/?view=ecom/itens&tcg=1&txt_edicao=251907,https://www.vilacelta.com.br/?view=ecom/item&tcg=1&card=45137;Unstable;;1;9,50;ING     [Inglês];NM   [Praticamente Nova];Foil
UST_41;Novellamental;https://www.vilacelta.com.br/?view=ecom/itens&tcg=1&txt_edicao=251907,https://www.vilacelta.com.br/?view=ecom/item&tcg=1&card=45137;Unstable;;16;0,30;ING     [Inglês];NM   [Praticamente Nova];
UST_41;Novellamental (A);https://www.vilacelta.com.br/?view=ecom/itens&tcg=1&txt_edicao=251907,https://www.vilacelta.com.br/?view=ecom/item&tcg=1&card=45816;Unstable;;19;0,53;ING     [Inglês];NM   [Praticamente Nova];
UST_41B;Novellamental (B);https://www.vilacelta.com.br/?view=ecom/itens&tcg=1&txt_edicao=251907,https://www.vilacelta.com.br/?view=ecom/item&tcg=1&card=45817;Unstable;;14;0,55;ING     [Inglês];NM   [Praticamente Nova];
UST_41C;Novellamental (C);https://www.vilacelta.com.br/?view=ecom/itens&tcg=1&txt_edicao=251907,https://www.vilacelta.com.br/?view=ecom/item&tcg=1&card=45818;Unstable;;16;0,51;ING     [Inglês];NM   [Praticamente Nova];
UST_41D;Novellamental (D);https://www.vilacelta.com.br/?view=ecom/itens&tcg=1&txt_edicao=251907,https://www.vilacelta.com.br/?view=ecom/item&tcg=1&card=45819;Unstable;;;;;;
9E_106;Novidades / Tidings;https://www.vilacelta.com.br/?view=ecom/itens&tcg=1&txt_edicao=233,https://www.vilacelta.com.br/?view=ecom/item&tcg=1&card=12999;Nona Edicao - Kit Basico;;;;;;
ST_54;Novidades / Tidings;https://www.vilacelta.com.br/?view=ecom/itens&tcg=1&txt_edicao=275,https://www.vilacelta.com.br/?view=ecom/item&tcg=1&card=12999;Starter 1999;;;;;;
MPRP_25;Novidades / Tidings;https://www.vilacelta.com.br/?view=ecom/itens&tcg=1&txt_edicao=298,https://www.vilacelta.com.br/?view=ecom/item&tcg=1&card=12999;Magic Player Rewards;;;;;;
DI_175;Novijen, Coração do Progresso / Novijen, Heart of Progress;https://www.vilacelta.com.br/?view=ecom/itens&tcg=1&txt_edicao=195,https://www.vilacelta.com.br/?view=ecom/item&tcg=1&card=4727;Insurreicao;;;;;;
LMOC_59;Novo Argivo / New Argive;https://www.vilacelta.com.br/?view=ecom/itens&tcg=1&txt_edicao=480201,https://www.vilacelta.com.br/?view=ecom/item&tcg=1&card=68584;Marcha das Maquinas: Commander (Planes);;;;;;
MB1_1279;Novos Horizontes / New Horizons;https://www.vilacelta.com.br/?view=ecom/itens&tcg=1&txt_edicao=479791,https://www.vilacelta.com.br/?view=ecom/item&tcg=1&card=44073;Mystery Booster;;2;0,45;PT/EN   [Português / Inglês];NM   [Praticamente Nova];
MM_20;Novos Voluntários / Fresh Volunteers;https://www.vilacelta.com.br/?view=ecom/itens&tcg=1&txt_edicao=213,https://www.vilacelta.com.br/?view=ecom/item&tcg=1&card=8902;Mascaras de Mercadia;;;;;;
UH_41;Now I Know My ABC's;https://www.vilacelta.com.br/?view=ecom/itens&tcg=1&txt_edicao=271,https://www.vilacelta.com.br/?view=ecom/item&tcg=1&card=20084;Unhinged;;;;;;
GFUNF_306;Now You See Me . . .;https://www.vilacelta.com.br/?view=ecom/itens&tcg=1&txt_edicao=480093,https://www.vilacelta.com.br/?view=ecom/item&tcg=1&card=66509;Unfinity (Galaxy Foil);;;;;;
CMB1_63;Noxious Bayou;https://www.vilacelta.com.br/?view=ecom/itens&tcg=1&txt_edicao=479783,https://www.vilacelta.com.br/?view=ecom/item&tcg=1&card=55538;Mystery Booster Playtest Cards;;;;;;
FH_26;Noxious Hydra Breath;https://www.vilacelta.com.br/?view=ecom/itens&tcg=1&txt_edicao=144916,https://www.vilacelta.com.br/?view=ecom/item&tcg=1&card=39992;Face the Hydra;;;;;;
PO_118;Noxious Toad;https://www.vilacelta.com.br/?view=ecom/itens&tcg=1&txt_edicao=278,https://www.vilacelta.com.br/?view=ecom/item&tcg=1&card=20860;Portal;;;;;;
PLIST_696;Noxious Toad;https://www.vilacelta.com.br/?view=ecom/itens&tcg=1&txt_edicao=479828,https://www.vilacelta.com.br/?view=ecom/item&tcg=1&card=20860;The List;;2;7,95;PT/EN   [Português / Inglês];NM   [Praticamente Nova];
PTC_276;Noyan Dar, Moldador do Turbilhão / Noyan Dar, Roil Shaper;https://www.vilacelta.com.br/?view=ecom/itens&tcg=1&txt_edicao=286,https://www.vilacelta.com.br/?view=ecom/item&tcg=1&card=32567;Prerelease Events;;;;;;
LW_202;Nubidebulhador / Cloudthresher;https://www.vilacelta.com.br/?view=ecom/itens&tcg=1&txt_edicao=188,https://www.vilacelta.com.br/?view=ecom/item&tcg=1&card=2898;Lorwyn;;;;;;
CMA2_96;Nubidebulhador / Cloudthresher;https://www.vilacelta.com.br/?view=ecom/itens&tcg=1&txt_edicao=179141,https://www.vilacelta.com.br/?view=ecom/item&tcg=1&card=2898;Commander Anthology;;11;1,21;PT/EN   [Português / Inglês];NM   [Praticamente Nova];
MB1_1528;Nucklavee;https://www.vilacelta.com.br/?view=ecom/itens&tcg=1&txt_edicao=479791,https://www.vilacelta.com.br/?view=ecom/item&tcg=1&card=2175;Mystery Booster;;1;0,55;PT/EN   [Português / Inglês];NM   [Praticamente Nova];
PBPIP_331;Nuclear Fallout;https://www.vilacelta.com.br/?view=ecom/itens&tcg=1&txt_edicao=480355,https://www.vilacelta.com.br/?view=ecom/item&tcg=1&card=73019;Fallout (Showcase Pip Boy);;;;;;
SFPIP_575;Nuclear Fallout;https://www.vilacelta.com.br/?view=ecom/itens&tcg=1&txt_edicao=480437,https://www.vilacelta.com.br/?view=ecom/item&tcg=1&card=73019;Fallout (Surge Foil);;;;;;
PSPIP_859;Nuclear Fallout;https://www.vilacelta.com.br/?view=ecom/itens&tcg=1&txt_edicao=480440,https://www.vilacelta.com.br/?view=ecom/item&tcg=1&card=73019;Fallout (Showcase Pip Boy Surge Foil);;;;;;
VNEO_497;Núcleo de Mecatitã / Mechtitan Core;https://www.vilacelta.com.br/?view=ecom/itens&tcg=1&txt_edicao=479889,https://www.vilacelta.com.br/?view=ecom/item&tcg=1&card=62689;Kamigawa: Dinastia Neon (Variantes);;;;;;
VNEO_402;Núcleo de Mecatitã (#402) / Mechtitan Core (#402);https://www.vilacelta.com.br/?view=ecom/itens&tcg=1&txt_edicao=479889,https://www.vilacelta.com.br/?view=ecom/item&tcg=1&card=62753;Kamigawa: Dinastia Neon (Variantes);;;14,25;PT/EN   [Português / Inglês];NM   [Praticamente Nova];
DS_165;Núcleo de Mirrodin / Mirrodin's Core;https://www.vilacelta.com.br/?view=ecom/itens&tcg=1&txt_edicao=201,https://www.vilacelta.com.br/?view=ecom/item&tcg=1&card=6238;Darksteel;;;;;;
MB1_2083;Núcleo de Mirrodin / Mirrodin's Core;https://www.vilacelta.com.br/?view=ecom/itens&tcg=1&txt_edicao=479791,https://www.vilacelta.com.br/?view=ecom/item&tcg=1&card=6238;Mystery Booster;;;2,70;PT/EN   [Português / Inglês];NM   [Praticamente Nova];Foil
NE_114;Núcleo de Saprófitas / Saproling Cluster;https://www.vilacelta.com.br/?view=ecom/itens&tcg=1&txt_edicao=212,https://www.vilacelta.com.br/?view=ecom/item&tcg=1&card=8853;Nemesis;;;;;;
WCD_20000413;Núcleo de Saprófitas / Saproling Cluster;https://www.vilacelta.com.br/?view=ecom/itens&tcg=1&txt_edicao=440839,https://www.vilacelta.com.br/?view=ecom/item&tcg=1&card=8853;World Championship Decks;;;;;;
WCD_20040874;Núcleo de Saprófitas (NL-00) / Saproling Cluster (NL-00);https://www.vilacelta.com.br/?view=ecom/itens&tcg=1&txt_edicao=440839,https://www.vilacelta.com.br/?view=ecom/item&tcg=1&card=58117;World Championship Decks;;;;;;
FNMP_204;Núcleo do Éter / Aether Hub;https://www.vilacelta.com.br/?view=ecom/itens&tcg=1&txt_edicao=297,https://www.vilacelta.com.br/?view=ecom/item&tcg=1&card=37460;Friday Night Magic;;2;2,50;PT/EN   [Português / Inglês];SP   [Usada Levemente];Foil,FNM
MB1_1650;Núcleo do Éter / Aether Hub;https://www.vilacelta.com.br/?view=ecom/itens&tcg=1&txt_edicao=479791,https://www.vilacelta.com.br/?view=ecom/item&tcg=1&card=37460;Mystery Booster;;1;1,35;PT/EN   [Português / Inglês];NM   [Praticamente Nova];
CS_91;Núcleo Magmático / Magmatic Core;https://www.vilacelta.com.br/?view=ecom/itens&tcg=1&txt_edicao=193,https://www.vilacelta.com.br/?view=ecom/item&tcg=1&card=3859;Frente Fria;;;;;;
VBPIP_358;Nuka-Cola Vending Machine;https://www.vilacelta.com.br/?view=ecom/itens&tcg=1&txt_edicao=480356,https://www.vilacelta.com.br/?view=ecom/item&tcg=1&card=71270;Fallout (Bordeless Vault Boy);;;;;;
SFPIP_665;Nuka-Cola Vending Machine;https://www.vilacelta.com.br/?view=ecom/itens&tcg=1&txt_edicao=480437,https://www.vilacelta.com.br/?view=ecom/item&tcg=1&card=71270;Fallout (Surge Foil);;;;;;
BSPIP_886;Nuka-Cola Vending Machine;https://www.vilacelta.com.br/?view=ecom/itens&tcg=1&txt_edicao=480438,https://www.vilacelta.com.br/?view=ecom/item&tcg=1&card=71270;Fallout (Bordeless Vault Boy Surge Foil);;;;;;
EAPIP_434;Nuka-Nuke Launcher;https://www.vilacelta.com.br/?view=ecom/itens&tcg=1&txt_edicao=480353,https://www.vilacelta.com.br/?view=ecom/item&tcg=1&card=73147;Fallout (Extended Art);;;;;;
SFPIP_666;Nuka-Nuke Launcher;https://www.vilacelta.com.br/?view=ecom/itens&tcg=1&txt_edicao=480437,https://www.vilacelta.com.br/?view=ecom/item&tcg=1&card=73147;Fallout (Surge Foil);;;;;;
ESPIP_962;Nuka-Nuke Launcher;https://www.vilacelta.com.br/?view=ecom/itens&tcg=1&txt_edicao=480439,https://www.vilacelta.com.br/?view=ecom/item&tcg=1&card=73147;Fallout (Extended Art Surge Foil);;;;;;
MB1_816;Nulo Voraz / Voracious Null;https://www.vilacelta.com.br/?view=ecom/itens&tcg=1&txt_edicao=479791,https://www.vilacelta.com.br/?view=ecom/item&tcg=1&card=32692;Mystery Booster;;;;;;
FECMR_583;Numa, Líder Joraga / Numa, Joraga Chieftain;https://www.vilacelta.com.br/?view=ecom/itens&tcg=1&txt_edicao=479825,https://www.vilacelta.com.br/?view=ecom/item&tcg=1&card=57869;Commander Legends (Foil Etched);;1;7,28;PT      [Português];NM   [Praticamente Nova];Foil Especial / Foil Etched
UH_42;Number Crunch;https://www.vilacelta.com.br/?view=ecom/itens&tcg=1&txt_edicao=271,https://www.vilacelta.com.br/?view=ecom/item&tcg=1&card=20085;Unhinged;;;;;;
PC_160;Numot, o Devastador / Numot, the Devastator;https://www.vilacelta.com.br/?view=ecom/itens&tcg=1&txt_edicao=190,https://www.vilacelta.com.br/?view=ecom/item&tcg=1&card=3337;Caos Planar;;;;;;
MB1_1214;Nutrição Desforme / Formless Nurturing;https://www.vilacelta.com.br/?view=ecom/itens&tcg=1&txt_edicao=479791,https://www.vilacelta.com.br/?view=ecom/item&tcg=1&card=30688;Mystery Booster;;1;0,37;PT/EN   [Português / Inglês];NM   [Praticamente Nova];
DS_78;Nutrir / Nourish;https://www.vilacelta.com.br/?view=ecom/itens&tcg=1&txt_edicao=201,https://www.vilacelta.com.br/?view=ecom/item&tcg=1&card=6151;Darksteel;;;;;;
MR_51;Nuvem de Cinzas Vulcânicas / Cinder Cloud;https://www.vilacelta.com.br/?view=ecom/itens&tcg=1&txt_edicao=222,https://www.vilacelta.com.br/?view=ecom/item&tcg=1&card=11003;Miragem;;;;;;
UL_29;Nuvem de Fadas / Cloud of Faeries;https://www.vilacelta.com.br/?view=ecom/itens&tcg=1&txt_edicao=215,https://www.vilacelta.com.br/?view=ecom/item&tcg=1&card=9404;O Legado de Urza;;8;7,90;PT/EN   [Português / Inglês];MP   [Usada Moderadamente];
UL_53;Nuvem de Muriçocas / Fog of Gnats;https://www.vilacelta.com.br/?view=ecom/itens&tcg=1&txt_edicao=215,https://www.vilacelta.com.br/?view=ecom/item&tcg=1&card=9428;O Legado de Urza;;;14,90;PT/EN   [Português / Inglês];NM   [Praticamente Nova];Foil
UL_53;Nuvem de Muriçocas / Fog of Gnats;https://www.vilacelta.com.br/?view=ecom/itens&tcg=1&txt_edicao=215,https://www.vilacelta.com.br/?view=ecom/item&tcg=1&card=9428;O Legado de Urza;;1;0,40;PT/EN   [Português / Inglês];HP   [Muito Usada];
UL_53;Nuvem de Muriçocas / Fog of Gnats;https://www.vilacelta.com.br/?view=ecom/itens&tcg=1&txt_edicao=215,https://www.vilacelta.com.br/?view=ecom/item&tcg=1&card=9428;O Legado de Urza;;18;0,50;PT/EN   [Português / Inglês];MP   [Usada Moderadamente];
VI_79;Nuvem de Raios / Lightning Cloud;https://www.vilacelta.com.br/?view=ecom/itens&tcg=1&txt_edicao=221,https://www.vilacelta.com.br/?view=ecom/item&tcg=1&card=10758;Visoes;;;;;;
IN_109;Nuvem Hipnótica / Hypnotic Cloud;https://www.vilacelta.com.br/?view=ecom/itens&tcg=1&txt_edicao=315,https://www.vilacelta.com.br/?view=ecom/item&tcg=1&card=8279;Invasao;;1;0,43;PT/EN   [Português / Inglês];NM   [Praticamente Nova];
IN_109;Nuvem Hipnótica / Hypnotic Cloud;https://www.vilacelta.com.br/?view=ecom/itens&tcg=1&txt_edicao=315,https://www.vilacelta.com.br/?view=ecom/item&tcg=1&card=8279;Invasao;;2;0,35;PT/EN   [Português / Inglês];SP   [Usada Levemente];
IN_109;Nuvem Hipnótica / Hypnotic Cloud;https://www.vilacelta.com.br/?view=ecom/itens&tcg=1&txt_edicao=315,https://www.vilacelta.com.br/?view=ecom/item&tcg=1&card=8279;Invasao;;2;0,22;PT/EN   [Português / Inglês];HP   [Muito Usada];
IN_109;Nuvem Hipnótica / Hypnotic Cloud;https://www.vilacelta.com.br/?view=ecom/itens&tcg=1&txt_edicao=315,https://www.vilacelta.com.br/?view=ecom/item&tcg=1&card=8279;Invasao;;7;0,37;PT/EN   [Português / Inglês];MP   [Usada Moderadamente];
DS_40;Nuvem Mortal / Death Cloud;https://www.vilacelta.com.br/?view=ecom/itens&tcg=1&txt_edicao=201,https://www.vilacelta.com.br/?view=ecom/item&tcg=1&card=6113;Darksteel;;;;;;
PLIST_1417;Nuvem Mortal / Death Cloud;https://www.vilacelta.com.br/?view=ecom/itens&tcg=1&txt_edicao=479828,https://www.vilacelta.com.br/?view=ecom/item&tcg=1&card=6113;The List;;;;;;
PLIST_293;Nyktos, Santuário de Nyx / Nykthos, Shrine to Nyx;https://www.vilacelta.com.br/?view=ecom/itens&tcg=1&txt_edicao=479828,https://www.vilacelta.com.br/?view=ecom/item&tcg=1&card=27615;The List;;;;;;
PRM_003;Nyktos, Santuário de Nyx / Nykthos, Shrine to Nyx;https://www.vilacelta.com.br/?view=ecom/itens&tcg=1&txt_edicao=479918,https://www.vilacelta.com.br/?view=ecom/item&tcg=1&card=27615;Premier Play;;;169,90;PT/EN   [Português / Inglês];NM   [Praticamente Nova];
PRM_003;Nyktos, Santuário de Nyx / Nykthos, Shrine to Nyx;https://www.vilacelta.com.br/?view=ecom/itens&tcg=1&txt_edicao=479918,https://www.vilacelta.com.br/?view=ecom/item&tcg=1&card=27615;Premier Play;;;399,90;PT/EN   [Português / Inglês];NM   [Praticamente Nova];Foil
EA2_13;Nyktos, Santuário de Nyx / Nykthos, Shrine to Nyx;https://www.vilacelta.com.br/?view=ecom/itens&tcg=1&txt_edicao=480143,https://www.vilacelta.com.br/?view=ecom/item&tcg=1&card=27615;Explorer Anthology 2;;;;;;
SLC177_56;Nyktos, Santuário de Nyx / Nykthos, Shrine to Nyx;https://www.vilacelta.com.br/?view=ecom/itens&tcg=1&txt_edicao=480370,https://www.vilacelta.com.br/?view=ecom/item&tcg=1&card=27615;Secret Lair Commander: Angels: They're Just Like Us but Cooler and with Wings;;;;;;
FECMR_608;Nymris, Trapaceiro de Oona / Nymris, Oona's Trickster;https://www.vilacelta.com.br/?view=ecom/itens&tcg=1&txt_edicao=479825,https://www.vilacelta.com.br/?view=ecom/item&tcg=1&card=57822;Commander Legends (Foil Etched);;;;;;
EAWHO_366;Nyssa of Traken;https://www.vilacelta.com.br/?view=ecom/itens&tcg=1&txt_edicao=480330,https://www.vilacelta.com.br/?view=ecom/item&tcg=1&card=71123;Doctor Who (Extended Art);;;;;;
ESWHO_957;Nyssa of Traken;https://www.vilacelta.com.br/?view=ecom/itens&tcg=1&txt_edicao=480331,https://www.vilacelta.com.br/?view=ecom/item&tcg=1&card=71123;Doctor Who (Extended Art Surge Foil);;;;;;
SFWHO_656;Nyssa of Traken;https://www.vilacelta.com.br/?view=ecom/itens&tcg=1&txt_edicao=480333,https://www.vilacelta.com.br/?view=ecom/item&tcg=1&card=71123;Doctor Who (Surge Foil);;;;;;
LMOC_61;Nyx;https://www.vilacelta.com.br/?view=ecom/itens&tcg=1&txt_edicao=480201,https://www.vilacelta.com.br/?view=ecom/item&tcg=1&card=68248;Marcha das Maquinas: Commander (Planes);;;;;;
EXCMM_772;Nyxborn Behemoth;https://www.vilacelta.com.br/?view=ecom/itens&tcg=1&txt_edicao=480268,https://www.vilacelta.com.br/?view=ecom/item&tcg=1&card=69766;Commander Masters (Extended Art);;;;;;
MB1_645;O Ancião Renascido / The Eldest Reborn;https://www.vilacelta.com.br/?view=ecom/itens&tcg=1&txt_edicao=479791,https://www.vilacelta.com.br/?view=ecom/item&tcg=1&card=49123;Mystery Booster;;;1,43;PT/EN   [Português / Inglês];NM   [Praticamente Nova];
EXLTR_366;O Anel Vai para o Sul / The Ring Goes South;https://www.vilacelta.com.br/?view=ecom/itens&tcg=1&txt_edicao=480232,https://www.vilacelta.com.br/?view=ecom/item&tcg=1&card=69106;O Senhor dos Aneis: Contos da Terra Media (Extended Art);;;;;;
SSLTR_637;O Anel Vai para o Sul / The Ring Goes South;https://www.vilacelta.com.br/?view=ecom/itens&tcg=1&txt_edicao=480316,https://www.vilacelta.com.br/?view=ecom/item&tcg=1&card=69106;O Senhor dos Aneis: Contos da Terra Media (Showcase Scrolls);;;;;;
ESLTR_777;O Anel Vai para o Sul / The Ring Goes South;https://www.vilacelta.com.br/?view=ecom/itens&tcg=1&txt_edicao=480317,https://www.vilacelta.com.br/?view=ecom/item&tcg=1&card=69106;O Senhor dos Aneis: Contos da Terra Media (Extended Art Surge Foil);;;;;;
SLCI_319;O Antigo / The Ancient One;https://www.vilacelta.com.br/?view=ecom/itens&tcg=1&txt_edicao=480359,https://www.vilacelta.com.br/?view=ecom/item&tcg=1&card=71658;As Cavernas Perdidas de Ixalan (Showcase);;;;;;
EXCLB_624;O Assombrado / Haunted One;https://www.vilacelta.com.br/?view=ecom/itens&tcg=1&txt_edicao=479914,https://www.vilacelta.com.br/?view=ecom/item&tcg=1&card=64359;Commander Legends: Batalha por Portal de Baldur (Extended Art);;;;;;
VLTC_129;O Balrog de Moria / The Balrog of Moria;https://www.vilacelta.com.br/?view=ecom/itens&tcg=1&txt_edicao=480239,https://www.vilacelta.com.br/?view=ecom/item&tcg=1&card=69220;Contos da Terra Media Commander (Variants);;;;;;
SSLTC_449;O Balrog de Moria / The Balrog of Moria;https://www.vilacelta.com.br/?view=ecom/itens&tcg=1&txt_edicao=480321,https://www.vilacelta.com.br/?view=ecom/item&tcg=1&card=69220;Contos da Terra Media Commander (Showcase Scrolls);;;;;;
EXLTR_395;O Balrog, Chama de Udûn / The Balrog, Flame of Udûn;https://www.vilacelta.com.br/?view=ecom/itens&tcg=1&txt_edicao=480232,https://www.vilacelta.com.br/?view=ecom/item&tcg=1&card=69327;O Senhor dos Aneis: Contos da Terra Media (Extended Art);;;;;;
ASLTR_36;O Balrog, Chama de Udûn (Art Card com Assinatura) / The Balrog, Flame of Udûn (Art Card with Signature);https://www.vilacelta.com.br/?view=ecom/itens&tcg=1&txt_edicao=480235,https://www.vilacelta.com.br/?view=ecom/item&tcg=1&card=69461;O Senhor dos Aneis: Contos da Terra Media (Art Series);;;;;;
ASLTR_36;O Balrog, Chama de Udûn (Art Card) / The Balrog, Flame of Udûn (Art Card);https://www.vilacelta.com.br/?view=ecom/itens&tcg=1&txt_edicao=480235,https://www.vilacelta.com.br/?view=ecom/item&tcg=1&card=69388;O Senhor dos Aneis: Contos da Terra Media (Art Series);;;;;;
BLTR_405;O Balrog, Ruína de Durin / The Balrog, Durin's Bane;https://www.vilacelta.com.br/?view=ecom/itens&tcg=1&txt_edicao=480231,https://www.vilacelta.com.br/?view=ecom/item&tcg=1&card=69318;O Senhor dos Aneis: Contos da Terra Media (Borderless Scene);;;;;;
SSLTR_646;O Balrog, Ruína de Durin / The Balrog, Durin's Bane;https://www.vilacelta.com.br/?view=ecom/itens&tcg=1&txt_edicao=480316,https://www.vilacelta.com.br/?view=ecom/item&tcg=1&card=69318;O Senhor dos Aneis: Contos da Terra Media (Showcase Scrolls);;;;;;
CBAFR_392;O Baralho das Surpresas / The Deck of Many Things;https://www.vilacelta.com.br/?view=ecom/itens&tcg=1&txt_edicao=479856,https://www.vilacelta.com.br/?view=ecom/item&tcg=1&card=60609;Adventures in the Forgotten Realms (Variantes);;;;;;
AMPAFR_241;O Baralho das Surpresas / The Deck of Many Things;https://www.vilacelta.com.br/?view=ecom/itens&tcg=1&txt_edicao=480004,https://www.vilacelta.com.br/?view=ecom/item&tcg=1&card=60609;Adventures in the Forgotten Realms (Ampersand);;;;;;
VLCC_50;O Baú da Capitã Sinistra / The Grim Captain's Locker;https://www.vilacelta.com.br/?view=ecom/itens&tcg=1&txt_edicao=480365,https://www.vilacelta.com.br/?view=ecom/item&tcg=1&card=71674;As Cavernas Perdidas de Ixalan Commander (Variants);;;;;;
EALCI_384;O Beligerante / The Belligerent;https://www.vilacelta.com.br/?view=ecom/itens&tcg=1&txt_edicao=480358,https://www.vilacelta.com.br/?view=ecom/item&tcg=1&card=71422;As Cavernas Perdidas de Ixalan (Extended Art);;;;;;
CBSTX_359;O Biblioplexo / The Biblioplex;https://www.vilacelta.com.br/?view=ecom/itens&tcg=1&txt_edicao=479840,https://www.vilacelta.com.br/?view=ecom/item&tcg=1&card=59543;Strixhaven: Escola de Magos (Variantes);;1;11,90;PT/EN   [Português / Inglês];NM   [Praticamente Nova];Foil